Status_C,Status_CL,Status_D,id
0.9668396010054651,0.0,0.033160398994534844,15000
0.9008325089035452,0.040226469846061944,0.05894102125039277,15001
0.8448883413274383,0.05316721081653815,0.10194444785602343,15002
0.858636272318981,0.011802607198188169,0.12956112048283092,15003
0.01890003923820651,0.00101918400300306,0.9800807767587902,15004
0.012866012862891412,0.011703613668134464,0.9754303734689743,15005
0.9309650797473421,0.017039453829061937,0.05199546642359578,15006
0.0734403333137813,0.0061119293078055964,0.9204477373784133,15007
0.6544099436209645,0.024754735787258692,0.3208353205917765,15008
0.06537686829750498,0.0048372996600291405,0.9297858320424657,15009
0.8994113420204766,0.0,0.10058865797952342,15010
0.09756752319351654,0.014672862547008197,0.8877596142594755,15011
0.9053070424643925,0.06483700526872062,0.029855952266886976,15012
0.8347794569963247,0.00784224700980193,0.15737829599387326,15013
0.4786560963576187,0.04676273446026797,0.47458116918211307,15014
0.009385573854326907,0.0,0.9906144261456732,15015
0.9099107714651224,0.053123618131249266,0.036965610403628266,15016
0.014325266984221695,0.003966547192353643,0.9817081858234248,15017
0.724973993547647,0.03247347445884504,0.24255253199350785,15018
0.7195843034070732,0.03185362333810995,0.24856207325481666,15019
0.033398619755736894,0.028273713062962783,0.9383276671813003,15020
0.9136260534133227,0.012176006432563448,0.07419794015411353,15021
0.6716776446017316,0.23508023528458144,0.09324212011368709,15022
0.9128435748541004,0.0,0.08715642514589937,15023
0.9233677839771601,0.014494745230351838,0.06213747079248801,15024
0.836525214105675,0.06944849164607157,0.09402629424825358,15025
0.7933872899801628,0.17427586328498093,0.0323368467348561,15026
0.10050860804533478,0.033016260393228046,0.8664751315614372,15027
0.9979528359595469,0.0,0.0020471640404530794,15028
0.044903718247739616,0.03771043372245828,0.9173858480298022,15029
0.8089228910386086,0.0063863881144318865,0.1846907208469595,15030
0.6798719718032481,0.025056481433459545,0.295071546763292,15031
0.41796165325428175,0.1178023393682561,0.4642360073774623,15032
0.3046887953240038,0.05526508327278415,0.6400461214032124,15033
0.7166490734935165,0.11567319702141665,0.16767772948506665,15034
0.7368919416395386,0.15609449145033247,0.10701356691012878,15035
0.44952176596224924,0.00571500757958565,0.5447632264581652,15036
0.2453631109390513,0.059210460567484864,0.6954264284934639,15037
0.6308592395495259,0.04450494288951044,0.3246358175609636,15038
0.9493128947257337,0.024028137111980832,0.026658968162285444,15039
0.6890620271312639,0.026182898212002065,0.2847550746567341,15040
0.9573252335005216,0.006349473684210526,0.03632529281526777,15041
0.9351711195704323,0.01750043249225055,0.047328447937317095,15042
0.6623314892995674,0.0759789426019583,0.2616895680984744,15043
0.2086865774625194,0.07769892731311313,0.7136144952243674,15044
0.49502586173584634,0.09398657361813446,0.4109875646460192,15045
0.905820934609183,0.05466821974774575,0.03951084564307124,15046
0.8315470343554798,0.04357584750153676,0.12487711814298362,15047
0.8962873730644634,0.05151907144552494,0.05219355549001154,15048
0.014593502773822552,0.00101918400300306,0.9843873132231742,15049
0.12459458468176132,0.04195996537090697,0.8334454499473318,15050
0.9749413526498141,0.0,0.025058647350185745,15051
0.15051934731687283,0.22326791690506526,0.6262127357780617,15052
0.0034637511692941427,0.01779130637886446,0.9787449424518415,15053
0.6568097158752841,0.0939280860261657,0.24926219809854988,15054
0.380452556602228,0.31788265040111147,0.3016647929966604,15055
0.7515182416824335,0.03101916930882955,0.21746258900873683,15056
0.9120596148978433,0.0,0.08794038510215643,15057
0.5704639315948263,0.04654399121214955,0.38299207719302397,15058
0.5276126702765237,0.06859114086665191,0.4037961888568248,15059
0.9661857012760687,0.0,0.033814298723931144,15060
0.8997052804280704,0.016135412355794854,0.08415930721613459,15061
0.04213707222799582,0.002261252118177787,0.9556016756538266,15062
0.6258601979211602,0.1147556082724179,0.25938419380642186,15063
0.48281429140450416,0.07787788360385361,0.4393078249916421,15064
0.10145201335050505,0.006553618260503319,0.8919943683889918,15065
0.7134402649752208,0.04639369252426539,0.24016604250051407,15066
0.9696222802008886,0.0,0.030377719799111292,15067
0.7629073449741264,0.0987222439838222,0.13837041104205122,15068
0.9226983600203147,0.036196296716277845,0.04110534326340752,15069
0.28579488740111664,0.016873260471438504,0.6973318521274454,15070
0.18517640755482567,0.0839329635951453,0.7308906288500294,15071
0.43574469133698085,0.07172104406655598,0.49253426459646316,15072
0.4620401818474169,0.02930335962441344,0.5086564585281699,15073
0.7156742370455226,0.0650395130969695,0.21928624985750778,15074
0.8939429863335985,0.01048690317837558,0.09557011048802579,15075
0.9442847283974773,0.01254965611268126,0.04316561548984137,15076
0.8983071618016876,0.01559137005745746,0.08610146814085459,15077
0.7842333210569403,0.05072041316759519,0.1650462657754642,15078
0.7828818508185965,0.12917205792153602,0.08794609125986724,15079
0.22937581164390275,0.015151764857967353,0.7554724234981305,15080
0.5730173566889416,0.031031168717693416,0.3959514745933655,15081
0.6567565116678701,0.04152841862070716,0.30171506971142265,15082
0.8680535436309934,0.005190138664661521,0.1267563177043451,15083
0.9152696869349836,0.0038475931280830076,0.08088271993693337,15084
0.957751160297261,0.0,0.04224883970273918,15085
0.6572455697369546,0.006463015234648128,0.3362914150283971,15086
0.9775988133880691,0.0,0.022401186611930902,15087
0.6281863176108451,0.0,0.3718136823891548,15088
0.8978635805683909,0.02964107337641999,0.07249534605518913,15089
0.5968059386170649,0.11589667212748504,0.28729738925544995,15090
0.88687674404934,0.06187490779779948,0.05124834815286044,15091
0.753415932427148,0.07780099886081432,0.16878306871203713,15092
0.9089184242375971,0.03310987584510915,0.05797169991729363,15093
0.8585224794078364,0.042168115280968116,0.09930940531119535,15094
0.787346620064016,0.13946466996563195,0.07318870997035176,15095
0.19498773654015034,0.0428961548533588,0.7621161086064908,15096
0.9457583240616132,0.0036078082667201227,0.05063386767166693,15097
0.8492136998667128,0.011753360510908084,0.1390329396223787,15098
0.9310234804160058,0.0,0.06897651958399412,15099
0.9520147168010955,0.029914442310540194,0.018070840888364238,15100
0.9316764419366168,0.0058829648894668405,0.06244059317391625,15101
0.06940233366193298,0.08714139425321314,0.8434562720848541,15102
0.632400769305406,0.2723843201903981,0.09521491050419587,15103
0.901334729224374,0.005478206373484927,0.09318706440214111,15104
0.12555913369652724,0.08005772709184787,0.794383139211625,15105
0.14643543673328124,0.0639905754785576,0.789573987788161,15106
0.29153369310726907,0.2501520242482502,0.458314282644481,15107
0.004409731186558734,0.009656231749586235,0.9859340370638552,15108
0.15510377069109488,0.026051104516084157,0.8188451247928211,15109
0.4485627364408694,0.0015445893999008586,0.5498926741592298,15110
0.0314639970582282,0.003966547192353643,0.9645694557494181,15111
0.10688626329479547,0.011671809421859948,0.8814419272833447,15112
0.9054953707398522,0.017167909960129336,0.07733671930001831,15113
0.9273900198992021,0.006237147029962614,0.06637283307083534,15114
0.9208106902371499,0.0269572414659471,0.052232068296903064,15115
0.7125408376952299,0.20553613698888876,0.081923025315881,15116
0.35532617006581557,0.051545544178641906,0.5931282857555427,15117
0.830004765420071,0.06024894364128823,0.109746290938641,15118
0.44698725158025193,0.009259745111484372,0.5437530033082638,15119
0.18679301362081077,0.005763369642047661,0.8074436167371417,15120
0.047370335537918,0.03475025690373252,0.9178794075583496,15121
0.3019706461494508,0.019094681336199223,0.6789346725143502,15122
0.4170083566340457,0.14169913014587665,0.44129251322007773,15123
0.2401636244535548,0.04505665249560953,0.714779723050836,15124
0.8441110812042192,0.0,0.15588891879578085,15125
0.6930602405009421,0.23536253478908192,0.07157722470997599,15126
0.5567526634650608,0.05193510838940368,0.3913122281455355,15127
0.64286051497111,0.10478734200451356,0.25235214302437636,15128
0.8929059994911239,0.011637768181512465,0.09545623232736357,15129
0.4885258592692499,0.18171634083962426,0.3297577998911256,15130
0.3608581303503748,0.5816095980190863,0.05753227163053907,15131
0.7214422467570865,0.05717366240266563,0.22138409084024796,15132
0.9379688296311095,0.03566040947612782,0.026370760892762763,15133
0.29467759090896767,0.007700834204615196,0.6976215748864171,15134
0.8479757318315978,0.026546091638491177,0.12547817652991072,15135
0.3140192463378967,0.01454848869822784,0.6714322649638754,15136
0.5219462215568528,0.04511731470453343,0.432936463738614,15137
0.494331522054271,0.1203582781233952,0.38531019982233383,15138
0.08395543252595687,0.1377135187370673,0.7783310487369759,15139
0.005438566117565479,0.0,0.9945614338824345,15140
0.009752710576561317,0.00101918400300306,0.9892281054204356,15141
0.8650050903808746,0.02676757088700241,0.10822733873212288,15142
0.45673977600381155,0.3966551709971244,0.1466050529990639,15143
0.9489770719292445,0.006312244896251961,0.04471068317450358,15144
0.966634976557954,0.0,0.03336502344204572,15145
0.7985937623106614,0.06835512772710188,0.1330511099622371,15146
0.8711055411249355,0.06697062075533215,0.06192383811973211,15147
0.9451662493822925,0.021687632497771305,0.03314611811993616,15148
0.9240717628113977,0.015571683704836818,0.06035655348376519,15149
0.2363725214332572,0.12882400790760062,0.6348034706591424,15150
0.44495841039022255,0.005604829096730788,0.5494367605130466,15151
0.2614060272631879,0.0825364719399795,0.6560575007968329,15152
0.8641281418764775,0.019646150368718328,0.11622570775480426,15153
0.9249757928533565,0.029136786409368717,0.045887420737274726,15154
0.23290701495536809,0.04927552794036302,0.7178174571042691,15155
0.8809865515149272,0.0,0.11901344848507267,15156
0.8866999105968024,0.001274112801594524,0.11202597660160289,15157
0.7778034425685771,0.14593884882264993,0.0762577086087728,15158
0.6935571485151426,0.11370785065681772,0.19273500082803977,15159
0.09887781738060777,0.10018619274170044,0.8009359898776918,15160
0.8161581906988792,0.017349062816713848,0.16649274648440676,15161
0.4246911078724801,0.005671116561674518,0.5696377755658455,15162
0.6011394590408078,0.16320516679651764,0.23565537416267465,15163
0.7228550003072511,0.0,0.27714499969274886,15164
0.9631758250885175,0.02638873074269937,0.010435444168783295,15165
0.9675537564999009,0.002416434939240326,0.030029808560858805,15166
0.9826411109603074,0.0,0.0173588890396925,15167
0.8301802417345331,0.11836015360520004,0.05145960466026683,15168
0.2916040931381166,0.02792866309701107,0.6804672437648723,15169
0.783112340627333,0.038663589915492895,0.17822406945717414,15170
0.08042825961355206,0.01674299896466179,0.9028287414217863,15171
0.6379162675167276,0.06593207094268574,0.29615166154058653,15172
0.5774122815421983,0.05498114325178783,0.36760657520601375,15173
0.8786147602139225,0.03469071524348021,0.08669452454259688,15174
0.9416774576734798,0.0029927273740786796,0.05532981495244145,15175
0.9460609995969935,0.0054063097514340346,0.0485326906515724,15176
0.9373198872581822,0.008363094405359877,0.054317018336458044,15177
0.7367255644642514,0.04029344317273323,0.22298099236301516,15178
0.9612480790541724,0.01770013760480624,0.021051783341021476,15179
0.06594657499159108,0.0,0.934053425008409,15180
0.738571036397575,0.18211086788073233,0.07931809572169256,15181
0.2792530348387994,0.029274321843222015,0.6914726433179788,15182
0.8353893746460094,0.09357957355168718,0.0710310518023034,15183
0.7176366509760906,0.05951082527738588,0.2228525237465236,15184
0.5007141711026871,0.0010359230643597337,0.4982499058329531,15185
0.14226485683634202,0.02714555645567525,0.8305895867079826,15186
0.8164669368859965,0.06573670566663677,0.11779635744736673,15187
0.5867396597842277,0.2530895137858979,0.16017082642987462,15188
0.021302441582986192,0.12288376347838537,0.8558137949386281,15189
0.6910152298856725,0.021379431555147654,0.28760533855917997,15190
0.4142142040372444,0.03724130599290923,0.5485444899698467,15191
0.8120089183102829,0.022992355800568565,0.16499872588914846,15192
0.9669454572577634,0.017348823205496064,0.015705719536740485,15193
0.6067338124483067,0.1696913092588264,0.22357487829286649,15194
0.029194174059766678,0.004900573430965865,0.9659052525092676,15195
0.9188893933945248,0.06302460593460282,0.018086000670872324,15196
0.00772289935930938,0.009553620852965112,0.9827234797877255,15197
0.7788147186494542,0.04735988410997618,0.17382539724056975,15198
0.6069397187344852,0.11425401438380078,0.27880626688171434,15199
0.42612863300403886,0.05485507488248056,0.519016292113481,15200
0.8845884277427513,0.06577128045088011,0.04964029180636879,15201
0.11768600473654788,0.01671353626019596,0.8656004590032561,15202
0.11472368985537837,0.01223284753188834,0.8730434626127334,15203
0.9415979536453466,0.02820349226910104,0.030198554085552304,15204
0.1955170484096698,0.00894060836749316,0.7955423432228368,15205
0.09601861580040474,0.011952483938965232,0.8920289002606302,15206
0.7321279144478784,0.0,0.2678720855521214,15207
0.9089028568525358,0.0,0.09109714314746412,15208
0.9075552385083377,0.012500690798563141,0.07994407069309915,15209
0.8797585763873502,0.017132107772342017,0.10310931584030786,15210
0.6802373765055334,0.14434791889928794,0.17541470459517858,15211
0.6904668789995788,0.011174960789800584,0.29835816021062045,15212
0.885862067407352,0.024781786768141096,0.08935614582450661,15213
0.670898895714641,0.057610415384768694,0.2714906889005904,15214
0.009383345553255368,0.00101918400300306,0.9895974704437415,15215
0.7726580645125348,0.0619899816887486,0.1653519537987167,15216
0.11680961124002541,0.03616222208437956,0.847028166675595,15217
0.8530701546264818,0.013841172257217598,0.13308867311630074,15218
0.34631054424604346,0.0012932282816969477,0.6523962274722602,15219
0.627230556836846,0.1337440332087239,0.23902540995443006,15220
0.4903982748392401,0.07540849980177454,0.43419322535898536,15221
0.8399145466663882,0.017634532855935373,0.1424509204776764,15222
0.742449544875696,0.0024529822578213175,0.25509747286648266,15223
0.899771922044956,0.014727873586110319,0.08550020436893357,15224
0.9703524623647701,0.0,0.029647537635229905,15225
0.8579554876357671,0.04759320240560138,0.09445130995863153,15226
0.3541307836200538,0.0010359230643597337,0.6448332933155867,15227
0.8345945584460656,0.011561049158150037,0.15384439239578426,15228
0.47897667024753693,0.28773118717457363,0.2332921425778892,15229
0.47570023832669944,0.016512532686261606,0.5077872289870391,15230
0.12829690152849965,0.18957281374858537,0.6821302847229151,15231
0.11086506341525881,0.01156531185484278,0.8775696247298983,15232
0.3791269394185074,0.0018415924108837979,0.6190314681706091,15233
0.7753363273421334,0.03329150014022669,0.19137217251763977,15234
0.8525136402665779,0.04042202332250852,0.10706433641091341,15235
0.18189772628321185,0.07236819344579742,0.7457340802709908,15236
0.5234979685471695,0.1651995116128542,0.3113025198399764,15237
0.9700836120609335,0.00741442205260255,0.022501965886464113,15238
0.9561590440885874,0.004945652639197403,0.03889530327221522,15239
0.9229388163959475,0.023426694397654338,0.0536344892063981,15240
0.8992567814458238,0.06529887615162042,0.035444342402555985,15241
0.48207386335860813,0.020202952116922242,0.49772318452446984,15242
0.22749926336758397,0.01005145307691939,0.7624492835554968,15243
0.8003682539200094,0.07515482356384127,0.1244769225161494,15244
0.9759770062907813,0.009307429983433172,0.014715563725785783,15245
0.9411007217702955,0.049527333601000346,0.009371944628704304,15246
0.7302180218971562,0.19840850847659727,0.07137346962624637,15247
0.9144556733067687,0.04577226522161805,0.039772061471613156,15248
0.4821425551491663,0.14386609946365003,0.37399134538718365,15249
0.45899100339968374,0.24404269579327845,0.2969663008070379,15250
0.9204152055818952,0.01235087137199483,0.06723392304611024,15251
0.9420454527197722,0.012962242796016038,0.04499230448421176,15252
0.7645582734638727,0.028287082843305254,0.2071546436928218,15253
0.7360360236747719,0.17836261620125365,0.08560136012397461,15254
0.3463090401767036,0.02325649375613074,0.630434466067166,15255
0.008270247493737223,0.006103397494871736,0.9856263550113911,15256
0.3165499263867815,0.016734647034447242,0.6667154265787716,15257
0.8827134545090528,0.06916174110478655,0.04812480438616072,15258
0.2916678954977218,0.12532060872344175,0.5830114957788368,15259
0.5995597375882831,0.008182866038740202,0.3922573963729763,15260
0.4738082263979828,0.023366873924562444,0.5028248996774547,15261
0.6976422754893817,0.058461202217561035,0.2438965222930573,15262
0.5249971914713953,0.028901575118413347,0.4461012334101912,15263
0.9849217924541849,0.005406309751434035,0.009671897794381127,15264
0.6930532077358551,0.07948181688350726,0.2274649753806376,15265
0.7131796473971942,0.07964909327135175,0.20717125933145367,15266
0.9593781169023244,0.019330733774023823,0.021291149323651667,15267
0.7478241271115833,0.1687204262356915,0.08345544665272532,15268
0.9186338673410626,0.0,0.08136613265893726,15269
0.34959887684898744,0.056398195780776955,0.594002927370236,15270
0.41590563764790583,0.3075115890273984,0.2765827733246958,15271
0.964697973330683,0.006451796919566458,0.028850229749750524,15272
0.815840601460076,0.08587311159117166,0.09828628694875227,15273
0.7092723160687808,0.03279440069894861,0.25793328323227044,15274
0.9884991718549994,0.004879206212251942,0.006621621932748449,15275
0.8288563268556007,0.05980137257845617,0.11134230056594291,15276
0.2875255439570388,0.20054975235819625,0.5119247036847647,15277
0.9073885817149943,0.0063696778553728305,0.08624174042963269,15278
0.6966342593942744,0.03663607780814762,0.26672966279757776,15279
0.9225764059734947,0.033903385254251205,0.04352020877225427,15280
0.941373157827505,0.0,0.05862684217249498,15281
0.3395197236954385,0.045191496883482174,0.6152887794210794,15282
0.36051454338284805,0.17567930195169035,0.46380615466546166,15283
0.24907633285725164,0.14537583461135944,0.6055478325313888,15284
0.8302931649328854,0.08259831897931275,0.08710851608780153,15285
0.8804271293660666,0.052929042740484475,0.06664382789344915,15286
0.6764124494134071,0.0103319860001771,0.3132555645864157,15287
0.8982633338510897,0.06627458704977189,0.03546207909913857,15288
0.8105652084809729,0.026537142165684216,0.16289764935334264,15289
0.10094655663661953,0.08049338301285179,0.8185600603505288,15290
0.9719479944099659,0.009396838557274677,0.018655167032759306,15291
0.9115538428886737,0.03879218934754069,0.04965396776378561,15292
0.027717476732203514,0.03908196097291584,0.9332005622948807,15293
0.4631147629800423,0.0689389004712692,0.46794633654868895,15294
0.7981628690034002,0.0608406403611549,0.1409964906354448,15295
0.6483359031188066,0.02694308953549456,0.3247210073456991,15296
0.8012568821182677,0.0036078082667201227,0.19513530961501208,15297
0.7053437841499843,0.0,0.2946562158500157,15298
0.5413340390458573,0.08056480656448903,0.3781011543896535,15299
0.6063618200557648,0.14121809610592131,0.25242008383831377,15300
0.8456936657671863,0.07107345080456351,0.08323288342825044,15301
0.2594785482616823,0.5274369420939933,0.21308450964432424,15302
0.6990503466096114,0.21262883988701675,0.08832081350337186,15303
0.9149231506472943,0.005780288923108974,0.07929656042959636,15304
0.9165033503344379,0.051383646251803416,0.03211300341375891,15305
0.9435519570839718,0.04511463800110402,0.011333404914924183,15306
0.905728394354204,0.02931336959456433,0.0649582360512318,15307
0.9359218058753275,0.0,0.06407819412467257,15308
0.5280999407970293,0.3976261489198754,0.07427391028309498,15309
0.9178599881068218,0.03617251645640489,0.04596749543677328,15310
0.06311858896684848,0.016308540431667934,0.9205728706014836,15311
0.9183996300939204,0.006956381977190834,0.0746439879288888,15312
0.5788878569045968,0.05977004867088355,0.3613420944245196,15313
0.8081213198832108,0.08280484638280294,0.10907383373398638,15314
0.7857872149738289,0.04336674908672547,0.1708460359394454,15315
0.13343079779353584,0.01737033438668351,0.8491988678197812,15316
0.1464415238899403,0.03065345411273083,0.822905021997329,15317
0.7341684298684588,0.12854418964948577,0.13728738048205566,15318
0.5227952893931708,0.16481614038509337,0.31238857022173555,15319
0.42461794185394475,0.12647040625554007,0.4489116518905149,15320
0.6475713059787112,0.024577774406055363,0.3278509196152335,15321
0.8866879224213982,0.07013377118871524,0.04317830638988657,15322
0.7972594711394927,0.06692565182880457,0.13581487703170247,15323
0.913137565892435,0.029942888836740924,0.056919545270823955,15324
0.8644282685736838,0.01839080878228652,0.11718092264402954,15325
0.8246780733405702,0.017198164100120213,0.1581237625593096,15326
0.9512964160164273,0.016112773937033475,0.03259081004653912,15327
0.6819598512181863,0.00562789456802928,0.3124122542137844,15328
0.8846426507058502,0.024016646664147937,0.09134070263000178,15329
0.12770980922616532,0.028746309013295352,0.8435438817605394,15330
0.1337911224432717,0.02117908900764142,0.8450297885490866,15331
0.9248528847616819,0.017587465330164403,0.057559649908153834,15332
0.053267852318788084,0.0159951181025615,0.9307370295786501,15333
0.8152708028993002,0.025401102433802027,0.1593280946668977,15334
0.9053633181091846,0.005797770088427528,0.08883891180238779,15335
0.02273354321282146,0.0012253290538180536,0.9760411277333604,15336
0.6243008986503805,0.047015880170025885,0.32868322117959353,15337
0.08430501749783982,0.021591014539124303,0.8941039679630358,15338
0.5968728214684165,0.005202734299496827,0.39792444423208695,15339
0.02191221561711741,0.04605911598129484,0.9320286684015877,15340
0.665313394637677,0.01652058226132754,0.31816602310099495,15341
0.8337644537223632,0.04963928735935843,0.11659625891827827,15342
0.1132022931382616,0.026039956155972405,0.860757750705766,15343
0.83925536949274,0.13797891520619393,0.02276571530106609,15344
0.9519172489081565,0.0,0.04808275109184337,15345
0.10189651145110523,0.006036319968748719,0.8920671685801463,15346
0.36722257523314367,0.09530070911003084,0.5374767156568255,15347
0.7722943352030249,0.011178227001919087,0.21652743779505604,15348
0.9825732599967147,0.009287061116752855,0.008139678886532479,15349
0.5001173913340745,0.03846810090203759,0.461414507763888,15350
0.8825862753408271,0.0,0.1174137246591729,15351
0.03410333416463521,0.00101918400300306,0.9648774818323619,15352
0.8813680971822356,0.023134612856023903,0.09549728996174035,15353
0.8259445172567935,0.06710840370588642,0.10694707903731991,15354
0.1181941252155048,0.0025412448067057523,0.8792646299777895,15355
0.9113223421307983,0.06858993329145835,0.020087724577743483,15356
0.41887491236740043,0.07856213305553854,0.5025629545770612,15357
0.013298344661405543,0.0048372996600291405,0.9818643556785654,15358
0.55829545642673,0.04086494391791218,0.4008395996553578,15359
0.30787018195139393,0.021885204414564832,0.6702446136340414,15360
0.8819345555829365,0.06183955956496903,0.05622588485209467,15361
0.7315041034238903,0.06065318826953694,0.20784270830657273,15362
0.038879288661761706,0.00101918400300306,0.9601015273352353,15363
0.35165296131006285,0.3721578402429129,0.2761891984470242,15364
0.3656556074497705,0.03263450504895602,0.6017098875012739,15365
0.9804486401651153,0.0,0.01955135983488472,15366
0.9559225720346837,0.004847178314127083,0.039230249651189264,15367
0.054117271692401374,0.0046923542182167165,0.9411903740893823,15368
0.5612811891406576,0.047590948315392886,0.39112786254394954,15369
0.014364306773308582,0.03853147820599944,0.9471042150206919,15370
0.40882795998681715,0.07646947089479546,0.5147025691183875,15371
0.3286136705564359,0.00748771998392619,0.6638986094596381,15372
0.4611825482890179,0.3672974275916282,0.17152002411935424,15373
0.15713718599204654,0.5634124537368894,0.27945036027106396,15374
0.5041539804807452,0.019467051137707123,0.4763789683815475,15375
0.6116676818989611,0.20409400404989542,0.1842383140511435,15376
0.8076421367903324,0.052840480711704475,0.1395173824979629,15377
0.5677505178686498,0.08410896711858622,0.3481405150127638,15378
0.1729387714843825,0.0030499111422468777,0.8240113173733709,15379
0.9430922645406842,0.023543509589499554,0.03336422586981609,15380
0.8790332807542923,0.004566101657815983,0.11640061758789166,15381
0.9607504387423542,0.018073606312152116,0.021175954945493684,15382
0.08142732803326376,0.04418556315360262,0.8743871088131334,15383
0.7849047271905527,0.02151487178923511,0.1935804010202121,15384
0.6546319993714024,0.1968748827280834,0.1484931179005141,15385
0.6853949554337334,0.18747467428168427,0.12713037028458207,15386
0.83561519447219,0.08994791281026016,0.07443689271754972,15387
0.39621330825701545,0.48853904341166704,0.11524764833131759,15388
0.5221267992763515,0.05718536995675244,0.42068783076689625,15389
0.1683343485499621,0.053079082273626024,0.7785865691764124,15390
0.27656098409186974,0.06806095261005062,0.6553780632980799,15391
0.9553596173736835,0.030716527106122583,0.013923855520194038,15392
0.6886019041720192,0.045417683746171424,0.2659804120818092,15393
0.6082563886504734,0.005556374355195285,0.38618723699433116,15394
0.9390577294519731,0.03942803890180234,0.021514231646224735,15395
0.022180610898471002,0.009915540852447285,0.9679038482490818,15396
0.47164690967809075,0.05880362988336156,0.4695494604385477,15397
0.7446191362773054,0.08573133972357905,0.1696495239991155,15398
0.9262443784225978,0.05033471070697088,0.023420910870431626,15399
0.8571428514642715,0.01273704556164205,0.1301201029740865,15400
0.8414201850585253,0.04110022366103115,0.11747959128044336,15401
0.02078268055639203,0.027055875597805947,0.952161443845802,15402
0.19704688091928083,0.034868062716318364,0.7680850563644007,15403
0.9563154316666707,0.019311311624490245,0.024373256708839185,15404
0.9723963896042106,0.0,0.027603610395789346,15405
0.8747853788317169,0.05611831727377422,0.06909630389450871,15406
0.72266888646188,0.019947128032236177,0.25738398550588343,15407
0.27400144057388215,0.1272463105556003,0.5987522488705174,15408
0.13313228982418518,0.10628738086837175,0.7605803293074429,15409
0.818808734157706,0.053348000110231934,0.12784326573206248,15410
0.9560223707400034,0.00571500757958565,0.038262621680411016,15411
0.017295354804151234,0.0,0.9827046451958488,15412
0.9798043243380369,0.0029927273740786796,0.017202948287884667,15413
0.8967363259459837,0.03413331808150337,0.06913035597251296,15414
0.6758270461911372,0.02860241310074051,0.2955705407081223,15415
0.08281903984231513,0.040417478293248314,0.8767634818644364,15416
0.01823530882324714,0.0,0.9817646911767529,15417
0.9551456208458873,0.0,0.044854379154112715,15418
0.5769104172104962,0.15865023069335304,0.26443935209615066,15419
0.8815756040966555,0.0,0.11842439590334462,15420
0.02203112317864159,0.0012253290538180536,0.9767435477675406,15421
0.407986955509774,0.49142048253708753,0.10059256195313857,15422
0.10932741259468348,0.0025561244651510426,0.8881164629401653,15423
0.9082439167273016,0.00476310802274163,0.08699297524995676,15424
0.8513570706674617,0.11076996248780148,0.03787296684473662,15425
0.9025839074986864,0.024161463872017647,0.0732546286292958,15426
0.33789513785757663,0.03257130834290143,0.6295335537995221,15427
0.5045442282856648,0.34792606645937324,0.14752970525496176,15428
0.37293927906231267,0.46849885283944037,0.15856186809824693,15429
0.8215265487007574,0.08908132899844079,0.08939212230080194,15430
0.006331016859696718,0.02508796196238485,0.9685810211779183,15431
0.050368829403366004,0.008763192034836683,0.9408679785617974,15432
0.39381895254097676,0.2174359754931472,0.3887450719658762,15433
0.9242107274443331,0.05906148533014274,0.016727787225524024,15434
0.9646296431583168,0.0,0.035370356841682916,15435
0.8485384625765108,0.03279920823433685,0.11866232918915187,15436
0.5124682318583383,0.029799447790761217,0.45773232035090045,15437
0.448384967053074,0.06355345190297225,0.48806158104395386,15438
0.5714598969937554,0.15060094963245474,0.2779391533737899,15439
0.7426404829975678,0.012460456808375833,0.24489906019405625,15440
0.9321498323806479,0.023803383263425307,0.044046784355926946,15441
0.7175613814791206,0.009134626133144854,0.27330399238773445,15442
0.801890403787006,0.026500900884508644,0.17160869532848522,15443
0.7382122515301807,0.055619929358098674,0.2061678191117204,15444
0.866135709496988,0.0,0.13386429050301185,15445
0.07473207880393895,0.47196093859170596,0.453306982604355,15446
0.9296880058174309,0.024369160636728997,0.04594283354584028,15447
0.47429017353196506,0.005464693158097209,0.5202451333099376,15448
0.9875610256906039,0.012438974309395924,0.0,15449
0.7303889669944255,0.034931963684102424,0.23467906932147173,15450
0.8187836424956368,0.034228606921247504,0.14698775058311536,15451
0.940380556380327,0.03882316316693817,0.020796280452734697,15452
0.44808823579240536,0.04696822010576636,0.5049435441018285,15453
0.9031646611605652,0.014562713311982313,0.08227262552745275,15454
0.7100393355952617,0.061905826386905144,0.22805483801783324,15455
0.044104977533998196,0.02799104640804534,0.9279039760579565,15456
0.13786232806210152,0.0025412448067057523,0.8595964271311926,15457
0.7964512080362496,0.1556082917052579,0.047940500258492724,15458
0.683379379861131,0.0777503650935623,0.23887025504530665,15459
0.808831602439463,0.018994229086449793,0.17217416847408742,15460
0.3941970415759515,0.14413156958499554,0.46167138883905307,15461
0.3551547678106342,0.1147909821087378,0.5300542500806287,15462
0.16165619372010015,0.04947875926794338,0.7888650470119566,15463
0.9818418423858207,0.0,0.018158157614179056,15464
0.7827499968242212,0.00866677920564741,0.20858322397013143,15465
0.009352293832874448,0.00646625992713985,0.9841814462399856,15466
0.5221301163537142,0.39595537184986307,0.08191451179642287,15467
0.9235056268587255,0.04337198885571524,0.03312238428555952,15468
0.9148285144193586,0.027360424980149376,0.05781106060049213,15469
0.9100158775979723,0.049202675855734505,0.040781446546293336,15470
0.6055595754703628,0.05304049876147252,0.3413999257681647,15471
0.10300226390448251,0.006809881677421665,0.890187854418096,15472
0.9585352248507845,0.018831666652698434,0.022633108496516854,15473
0.8320869244763394,0.029371619779240785,0.13854145574442,15474
0.08757263772506595,0.034202907685594204,0.8782244545893396,15475
0.1236248546181114,0.6481835073783326,0.22819163800355577,15476
0.8813107438511808,0.049329106973531656,0.0693601491752876,15477
0.8613630632704478,0.0506776443375725,0.08795929239197968,15478
0.8428843953900437,0.027113996980325846,0.13000160762963023,15479
0.6160326751906139,0.08928642495883844,0.2946808998505477,15480
0.9500010677889524,0.0,0.049998932211047675,15481
0.9454917408879779,0.025008404025378607,0.02949985508664337,15482
0.9028626024447339,0.01503814946658134,0.08209924808868482,15483
0.010916095259339264,0.01982659622579639,0.9692573085148646,15484
0.8728715319353548,0.03794473845451289,0.08918372961013235,15485
0.7349890830365593,0.008456587529362378,0.2565543294340784,15486
0.985324584089481,0.0,0.014675415910518883,15487
0.7247103574319099,0.04593209085653285,0.229357551711557,15488
0.08921692905798437,0.12887896650492578,0.7819041044370897,15489
0.08690001361412611,0.014567453259721015,0.8985325331261529,15490
0.9567825169997309,0.0,0.043217483000268994,15491
0.2117160464626952,0.011437101041773782,0.7768468524955313,15492
0.3722108290715008,0.41258625869560384,0.21520291223289553,15493
0.07144570419865656,0.0,0.9285542958013434,15494
0.9142211247771538,0.03668139528271511,0.04909747994013141,15495
0.9682915184168133,0.0,0.031708481583186635,15496
0.7342779324908144,0.1882481706610011,0.0774738968481846,15497
0.9520926346378339,0.0,0.04790736536216607,15498
0.155059040240884,0.11521001071797743,0.7297309490411386,15499
0.23115739028218377,0.24419716660851232,0.5246454431093038,15500
0.3386146758213628,0.33764973097491346,0.3237355932037238,15501
0.9791724306754679,0.0,0.020827569324532003,15502
0.7721174809009548,0.07072506707825198,0.15715745202079318,15503
0.9685412113266519,0.005001105460977228,0.026457683212370825,15504
0.21290113573235347,0.01236702757879619,0.7747318366888504,15505
0.70601050621471,0.0,0.29398949378528993,15506
0.9025850113503607,0.006521864488226814,0.09089312416141214,15507
0.6693490684122156,0.1154853982020762,0.2151655333857082,15508
0.5933494826901659,0.015138024136922145,0.3915124931729119,15509
0.9496038911173573,0.012515340914108232,0.037880767968534526,15510
0.9738989700947199,0.0,0.02610102990528013,15511
0.589633334239398,0.03154489971610757,0.3788217660444943,15512
0.36187266988240774,0.008596578169678282,0.629530751947914,15513
0.6538620152886778,0.15460739655577035,0.1915305881555516,15514
0.058300258739365764,0.015099355911359007,0.926600385349275,15515
0.9132525096534277,0.01660996784314811,0.07013752250342394,15516
0.8952659947487212,0.02350695889454084,0.08122704635673812,15517
0.2091424913221044,0.0061815898775047845,0.7846759188003904,15518
0.9456084997655785,0.005129251700680273,0.04926224853374103,15519
0.9019602651870268,0.04795256739316356,0.05008716741980947,15520
0.978548189948444,0.0062503453992815705,0.01520146465227454,15521
0.6050191955556761,0.27030131954908876,0.12467948489523523,15522
0.96447269298121,0.020943949897245736,0.014583357121544379,15523
0.7986374727396702,0.05272568006091556,0.14863684719941417,15524
0.8914079337311898,0.02738358110712616,0.08120848516168395,15525
0.9527913598298318,0.012311438646869994,0.034897201523298144,15526
0.8989992835755855,0.02912421507778051,0.07187650134663431,15527
0.7441717041717515,0.16115146335031816,0.09467683247793064,15528
0.9450200378265,0.006201932963191446,0.04877802921030842,15529
0.9728220777828439,0.018899256038006143,0.008278666179150193,15530
0.5581354705386351,0.011282639397575784,0.430581890063789,15531
0.9468111547204586,0.012373236313294022,0.04081560896624729,15532
0.8996312519370586,0.03240968649558223,0.06795906156735945,15533
0.9408850716863564,0.02261251497731262,0.03650241333633105,15534
0.8362998538548867,0.012351899452264264,0.15134824669284908,15535
0.4488450156832699,0.3000628620614246,0.25109212225530564,15536
0.9235461152686704,0.022576207945515698,0.05387767678581359,15537
0.5356468863989097,0.07290626012753941,0.3914468534735507,15538
0.3859334837643689,0.017530118288493237,0.596536397947138,15539
0.6886085084437344,0.021001261108970562,0.290390230447295,15540
0.9759539543127577,0.006493655623815812,0.017552390063426394,15541
0.094369408247986,0.007359900400702372,0.8982706913513119,15542
0.9873932120919342,0.0,0.012606787908065803,15543
0.24647874275340215,0.08759752072575216,0.6659237365208461,15544
0.8489898459895466,0.05796516972837807,0.09304498428207524,15545
0.5684573685764285,0.32733168021332215,0.10421095121024941,15546
0.5042151564653876,0.12256126445897718,0.373223579075635,15547
0.21463743915997704,0.03154528222746688,0.7538172786125563,15548
0.04459279188618997,0.010458263102364732,0.9449489450114453,15549
0.9563878249681269,0.0,0.043612175031872986,15550
0.35196379260511207,0.059553518316565336,0.588482689078323,15551
0.9383647744823348,0.016810975631083594,0.04482424988658181,15552
0.7974714886049883,0.08478300525877061,0.11774550613624131,15553
0.5709088467150808,0.11881931633845429,0.31027183694646493,15554
0.45690103628040096,0.07189425989102739,0.47120470382857177,15555
0.009369142495712007,0.0048372996600291405,0.9857935578442588,15556
0.9387255121203164,0.006738937913596944,0.05453554996608664,15557
0.6944561384456058,0.05905165418086951,0.24649220737352465,15558
0.5096489349201534,0.3088226899465109,0.181528375133336,15559
0.9097367446718331,0.017797787049984606,0.07246546827818247,15560
0.9092060580039184,0.0,0.09079394199608155,15561
0.8466607897433818,0.06023869260772007,0.09310051764889815,15562
0.9846888539293366,0.011714796699933952,0.003596349370729408,15563
0.03227253001218224,0.0,0.9677274699878176,15564
0.8691478991213427,0.00571500757958565,0.12513709329907166,15565
0.7651948614836929,0.13729546372185963,0.0975096747944473,15566
0.046361895435678424,0.06802766372864319,0.8856104408356782,15567
0.26154054410696603,0.15403818237788502,0.5844212735151493,15568
0.027215138540712912,0.00101918400300306,0.9717656774562841,15569
0.829280782658969,0.11486158283889518,0.05585763450213604,15570
0.8304937997686578,0.046152728924226526,0.12335347130711556,15571
0.12748408702130745,0.0,0.8725159129786926,15572
0.7645084423988541,0.04861424721552306,0.18687731038562302,15573
0.21039576394350387,0.3213035191369229,0.4683007169195732,15574
0.9015273087055842,0.021480857291370888,0.07699183400304506,15575
0.8525076686917555,0.007304077466759448,0.1401882538414854,15576
0.1611398030684743,0.011568986833142319,0.8272912100983834,15577
0.9145933649651551,0.02830322665112046,0.05710340838372448,15578
0.9104403075032144,0.04484238319424625,0.044717309302539456,15579
0.9063186497393728,0.03398809896562561,0.05969325129500133,15580
0.03019928904643566,0.019777294658642093,0.9500234162949226,15581
0.3155386731768351,0.01337488859500322,0.6710864382281622,15582
0.07440114963629463,0.040647675052897764,0.8849511753108078,15583
0.40720694442645533,0.009222501761590991,0.5835705538119541,15584
0.01875271125311891,0.006472964948059586,0.9747743237988212,15585
0.8186860362190275,0.002416434939240326,0.17889752884173202,15586
0.7960042240504542,0.02228519131783067,0.18171058463171463,15587
0.9468827524380043,0.04376982799195684,0.009347419570038986,15588
0.43940546546002407,0.13508219772029478,0.4255123368196811,15589
0.25762715602293973,0.5242916033071536,0.21808124066990678,15590
0.8925662650293886,0.07237197405783335,0.03506176091277769,15591
0.0829842819856157,0.049007733840991434,0.8680079841733928,15592
0.34674241065487127,0.5547985006707777,0.0984590886743509,15593
0.007023058470128549,0.0,0.9929769415298716,15594
0.6940294290962173,0.02453747989178322,0.2814330910119992,15595
0.6617894195483032,0.011149322935159444,0.32706125751653725,15596
0.17255770319782957,0.19308862857273087,0.6343536682294395,15597
0.44871090655252555,0.029853023901605814,0.5214360695458686,15598
0.6048500870461198,0.23799178402290333,0.15715812893097672,15599
0.4749881546844332,0.05149780877162838,0.4735140365439384,15600
0.8863285172963731,0.052267837803598054,0.061403644900028795,15601
0.8151218350615058,0.10141465242705815,0.08346351251143638,15602
0.7689437466980865,0.06671075867999238,0.16434549462192088,15603
0.5748653861321097,0.18840326530776738,0.2367313485601226,15604
0.967519572942061,0.006294532864843681,0.026185894193095447,15605
0.6223930286192544,0.09120538749799745,0.28640158388274817,15606
0.7849363237233173,0.12239632604686229,0.09266735022982035,15607
0.6028233430573596,0.011551474227081976,0.38562518271555846,15608
0.9435816549245046,0.02064313995331491,0.03577520512218063,15609
0.9670358274567478,0.0029927273740786796,0.029971445169173567,15610
0.7963693709986118,0.0584195132964803,0.14521111570490763,15611
0.8786288246613821,0.0,0.12137117533861809,15612
0.849638226446619,0.09030472808546378,0.06005704546791733,15613
0.25430360710940986,0.1405739107239155,0.605122482166675,15614
0.7763205349121883,0.031130183251763067,0.1925492818360485,15615
0.9532412831380886,0.0029927273740786796,0.043765989487832814,15616
0.1884888282374166,0.08916989595706022,0.7223412758055232,15617
0.8587457926018222,0.04270085436441199,0.09855335303376589,15618
0.5393865384682444,0.28960161439768234,0.1710118471340733,15619
0.9365691432270982,0.0,0.06343085677290179,15620
0.7593436301961932,0.010085355506472176,0.2305710142973346,15621
0.14121784175354513,0.011728261407343139,0.8470538968391123,15622
0.34459860837316775,0.0010359230643597337,0.6543654685624727,15623
0.9803638249353459,0.0,0.019636175064654163,15624
0.9469469176242554,0.026928213389208935,0.026124868986535783,15625
0.8304878715728828,0.04438784861276151,0.12512427981435562,15626
